4243767290,0
4294967278,11
4294967279,277
4294967278,10
4294967278,9
4294967278,8
4294967278,7
4294967278,6
4294967278,5
4294967279,253
4294967279,229
4294967294,422
4294967294,913
4294967294,941
4294967279,275
4294967294,429
4294967294,455
4294967294,103
4294967294,115
4294967294,167
4294967294,35
4294967278,4
4294967279,132
4294967279,131
4294967279,130
4294967279,129
4294967294,521
4294967294,445
4294967294,444
4294967294,423
4294967294,424
4294967294,120
4294967294,43
4294967294,512
4294967294,951
4294967279,292
4294967279,128
4294967279,291
4294967279,267
4294967279,351
4294967279,127
4294967279,341
4294967278,241
4294967279,126
4294967279,125
4294967279,240
4294967279,353
4294967279,327
4294967279,338
4294967279,124
4294967279,123
4294967279,122
4294967279,121
4294967279,371
4294967278,372
4294967279,436
4294967279,215
4294967279,342
4294967279,352
4294967278,340
4294967279,369
4294967279,120
4294967279,285
4294967279,119
4294967279,388
4294967279,328
4294967279,118
4294967279,117
4294967279,116
4294967279,115
4294967279,196
4294967279,350
4294967279,362
4294967278,325
4294967279,213
4294967278,352
4294967279,189
4294967278,350
4294967279,114
4294967278,351
4294967279,113
4294967278,404
4294967279,365
4294967279,112
4294967279,111
4294967278,228
4294967278,268
4294967279,430
4294967278,161
4294967279,110
4294967279,109
4294967278,347
4294967278,447
4294967278,446
4294967278,445
4294967279,108
4294967279,402
4294967278,300
4294967278,401
4294967279,107
4294967279,106
465,44
4294967279,391
4294967278,444
4294967278,278
4294967279,105
4294967279,104
4294967279,301
4294967279,102
4294967279,100
4294967278,231
4294967278,223
4294967279,103
4294967279,435
4294967279,101
73,13
73,12
73,11
73,10
73,9
73,0
4294967279,212
4294967279,210
4294967278,317
4294967279,209
4294967279,324
4294967279,99
4294967279,98
4294967279,97
4294967279,96
4294967279,206
4294967278,222
4294967279,433
4294967278,274
4294967278,353
4294967279,203
4294967279,202
4294967278,370
4294967279,438
4294967279,95
4294967279,94
4294967279,93
4294967279,92
4294967279,91
4294967279,90
4294967279,89
4294967279,87
4294967279,86
4294967279,85
4294967279,84
4294967279,81
4294967279,80
4294967279,199
4294967278,443
4294967279,198
4294967278,197
4294967279,197
4294967278,196
4294967279,83
4294967279,284
4294967278,195
4294967279,82
4294967279,337
4294967278,194
465,104
465,55
4294967279,194
465,74
4294967279,193
4294967279,437
73,2
73,14
4294967278,362
4294967279,278
4294967279,404
4294967279,385
4294967279,186
4294967279,185
4294967278,184
4294967279,432
4294967278,183
4294967278,180
4294967278,179
4294967278,52
4294967278,51
4294967279,79
4294967279,78
4294967279,77
4294967279,76
4294967279,75
4294967279,74
4294967279,73
4294967279,72
4294967278,440
320,2
4294967278,323
327,5
4294967279,431
320,8
320,7
4294967278,413
381,4
4294967294,52
4294967278,170
320,1
4294967278,169
69,16
4294967278,56
4294967278,55
4294967278,326
4294967278,321
4294967278,392
4294967278,54
381,11
381,10
381,9
381,8
381,7
381,6
69,13
4294967278,53
69,7
74,12
74,10
74,9
74,8
4294967278,70
4294967278,65
4294967278,64
4294967278,63
4294967278,62
4294967278,61
4294967278,60
465,14
465,94
4294967279,429
75,0
74,0
74,15
324,2
97,10
74,17
106,7
106,4
108,8
106,1
108,1
69,19
69,5
69,8
465,164
101,13
101,12
101,11
101,10
101,9
101,8
101,7
101,6
101,5
101,4
4294967278,83
4294967278,82
4294967278,78
4294967278,77
4294967278,76
4294967278,75
4294967278,74
4294967278,73
4294967278,72
4294967278,71
157,4
96,12
465,103
465,89
94,1
378,1
378,4
4294967294,1214
4294967278,405
4294967278,251
15,6
68,7
68,6
68,5
4294967278,395
4294967278,333
75,7
75,6
75,2
465,102
465,87
4294967278,294
4294967278,247
4294967278,92
4294967278,91
4294967278,90
4294967278,89
4294967278,87
4294967278,86
4294967278,85
4294967278,84
75,5
75,9
74,18
74,2
74,6
4294967278,411
75,1
4294967278,242
4294967278,305
40,12
74,11
452,5
69,17
68,8
4294967278,235
106,8
106,6
106,5
455,4
454,6
44,5
382,2
194,7
194,6
194,5
110,6
454,1
44,1
4294967278,227
452,1
452,4
62,30
4294967278,371
4294967278,95
4294967278,211
4294967278,209
4294967278,357
323,4
327,1
4294967294,1314
4294967294,1295
4294967278,202
4294967278,198
39,11
39,1
39,10
4294967278,408
4294967278,191
4294967278,101
4294967278,102
4294967278,104
4294967278,103
4294967278,176
415,6
415,5
4294967278,105
70,7
4294967278,108
4294967278,107
465,80
4294967278,118
4294967278,117
4294967278,114
4294967278,113
4294967278,109
194,8
181,7
181,6
181,5
191,5
191,4
179,5
188,5
101,1
101,15
325,6
325,5
73,15
324,6
73,7
72,5
70,1
70,6
70,4
243,4
243,5
71,5
70,5
325,1
4294967279,148
4294967278,439
4294967278,121
4294967278,120
4294967278,119
96,10
96,7
4294967278,125
4294967278,124
4294967278,123
4294967278,122
4294967279,143
95,6
97,7
97,8
95,5
118,5
4294967294,1092
4294967294,1101
95,4
95,1
118,1
69,18
465,163
465,161
69,14
4294967278,285
4294967278,245
190,2
4294967294,1230
4294967294,1231
178,5
4294967278,219
4294967278,215
162,6
162,5
4294967294,1144
194,4
184,6
194,1
188,4
188,1
179,4
179,1
4294967294,42
465,75
465,88
322,4
322,5
97,5
96,9
96,6
379,8
379,6
379,5
56,5
62,21
62,33
62,18
62,13
14,7
91,1
139,4
139,1
56,9
62,11
62,12
62,19
62,38
62,35
62,43
62,4
62,42
62,5
105,1
4294967294,1123
4294967294,1117
4294967294,1224
4294967294,1094
124,1
4294967294,1136
4294967294,1158
4294967294,1161
139,8
138,12
139,7
139,6
25,4
4294967294,1408
4294967294,1424
4294967294,490
4294967294,19
4294967294,1306
4294967294,972
4294967294,83
4294967279,178
4294967279,176
127,4
126,21
126,11
126,10
126,8
126,20
126,7
126,17
126,16
126,15
126,14
126,13
126,12
126,4
126,22
4294967279,427
200,4
73,6
69,6
270,1
303,4
260,4
469,4
282,4
4294967294,1197
4294967294,1188
425,4
16,5
3,11
3,19
4294967294,1264
4294967294,1298
16,4
16,1
4294967294,417
3,9
3,16
3,21
3,22
145,4
3,14
3,25
3,5
3,26
3,23
3,17
3,15
3,10
3,7
4294967279,146
4294967279,426
4294967279,138
4294967279,273
4294967279,268
4294967279,264
73,1
4294967279,262
465,49
465,33
74,16
74,1
321,4
321,6
321,5
75,8
75,4
74,14
74,4
74,13
74,5
73,16
73,4
73,8
73,5
72,4
326,4
324,1
324,4
74,7
324,7
69,1
68,1
4294967294,1113
4294967294,1115
4294967294,1235
324,9
324,8
324,5
69,12
68,4
69,11
69,4
320,4
320,6
320,5
323,7
323,5
37,5
14,8
454,5
4294967278,250
97,4
97,1
4294967294,1140
96,4
96,1
4294967294,1236
4294967294,1187
379,4
379,1
323,1
37,1
14,1
4294967294,1169
4294967294,1310
319,4
465,67
465,83
423,6
9,5
42,7
202,5
202,7
200,5
4294967294,1292
4294967278,203
4294967294,5
4294967278,199
4294967279,346
4294967294,421
4294967294,318
4294967294,127
4294967294,126
4294967294,20
4294967294,13
4294967294,185
4294967294,182
4294967294,173
4294967294,170
4294967294,163
4294967294,186
4294967278,189
4294967294,92
4294967278,188
474,3
4294967294,959
4294967278,187
4294967294,1289
4294967294,1198
4294967294,94
4294967294,93
4294967294,949
4294967294,96
4294967279,184
4294967294,95
475,4
475,3
475,2
475,1
4294967294,8
0,7
4294967294,30
4294967294,1141
4294967294,475
4294967294,1116
4294967294,427
4294967294,451
4294967294,7
4294967294,22
4294967279,260
4294967278,178
4294967279,163
325,4
4294967294,1303
473,2
474,4
4294967279,155
465,101
4294967279,151
4294967294,1102
465,19
2,5
2,4
4294967294,1173
40,1
39,7
40,4
18,4
18,6
18,5
117,6
117,4
117,5
56,12
56,8
56,7
56,6
56,4
39,8
39,4
